0 0.34765625 0.833984375 0.146484375 0.26953125
0 0.5556640625 0.6083984375 0.064453125 0.1748046875
0 0.6259765625 0.4951171875 0.076171875 0.1083984375
8 0.3525390625 0.2119140625 0.146484375 0.15625
7 0.4501953125 0.29296875 0.1025390625 0.099609375
8 0.54296875 0.3642578125 0.078125 0.056640625
1 0.353515625 0.1962890625 0.1962890625 0.357421875
1 0.439453125 0.271484375 0.1201171875 0.19140625
1 0.53125 0.361328125 0.0947265625 0.23828125
1 0.5859375 0.3837890625 0.05859375 0.072265625
9 0.4794921875 0.94921875 0.095703125 0.1015625
9 0.5625 0.65234375 0.048828125 0.10546875