1 0.2216796875 0.3095703125 0.1533203125 0.3017578125
1 0.4970703125 0.248046875 0.1591796875 0.2724609375
1 0.7109375 0.423828125 0.1103515625 0.2294921875
1 0.908203125 0.3916015625 0.1826171875 0.41796875
8 0.9130859375 0.443359375 0.1728515625 0.1767578125
8 0.71484375 0.423828125 0.103515625 0.1005859375
8 0.4931640625 0.265625 0.1298828125 0.107421875
8 0.216796875 0.3310546875 0.1162109375 0.15625
0 0.2919921875 0.783203125 0.13671875 0.203125
0 0.447265625 0.458984375 0.166015625 0.275390625
0 0.89453125 0.8447265625 0.2109375 0.228515625
4 0.888671875 0.724609375 0.2158203125 0.53515625
4 0.55859375 0.640625 0.26953125 0.71875
4 0.171875 0.650390625 0.212890625 0.6982421875