1 0.0771484375 0.333984375 0.123046875 0.22265625
1 0.25 0.5390625 0.1240234375 0.232421875
1 0.3603515625 0.3505859375 0.1904296875 0.2861328125
1 0.4951171875 0.453125 0.115234375 0.193359375
1 0.6455078125 0.37890625 0.1015625 0.224609375
1 0.8115234375 0.341796875 0.146484375 0.2255859375
1 0.9560546875 0.361328125 0.087890625 0.3740234375
8 0.076171875 0.357421875 0.1142578125 0.0849609375
8 0.2509765625 0.5244140625 0.109375 0.0830078125
8 0.392578125 0.380859375 0.123046875 0.0986328125
8 0.494140625 0.44140625 0.1142578125 0.09375
8 0.6474609375 0.3818359375 0.1025390625 0.0810546875
8 0.8076171875 0.3642578125 0.126953125 0.078125
8 0.955078125 0.408203125 0.08984375 0.0712890625
8 0.962890625 0.3232421875 0.0732421875 0.076171875
0 0.322265625 0.7265625 0.1298828125 0.1962890625
0 0.4638671875 0.7626953125 0.12890625 0.1865234375
0 0.7822265625 0.9052734375 0.1416015625 0.169921875
0 0.900390625 0.8642578125 0.1142578125 0.162109375