4 0.2314453125 0.6025390625 0.2802734375 0.58203125
4 0.6318359375 0.5478515625 0.091796875 0.2509765625
4 0.88671875 0.33203125 0.138671875 0.2705078125
1 0.294921875 0.2548828125 0.1533203125 0.2080078125
1 0.6572265625 0.4091796875 0.0869140625 0.1171875
1 0.8681640625 0.1826171875 0.0712890625 0.130859375
8 0.29296875 0.2861328125 0.1259765625 0.1025390625
8 0.654296875 0.4033203125 0.0634765625 0.037109375
8 0.8662109375 0.1767578125 0.0595703125 0.0517578125
2 0.185546875 0.6953125 0.1474609375 0.16796875
2 0.4169921875 0.7978515625 0.125 0.1044921875
6 0.66796875 0.6318359375 0.08203125 0.0859375
6 0.767578125 0.1494140625 0.052734375 0.072265625
9 0.712890625 0.8720703125 0.103515625 0.0908203125
9 0.9345703125 0.763671875 0.10546875 0.1025390625